108
110
111
113
114
115
116
117
120
121
122
125
127
130
131
133
135
141
142
147
148
149
161
163
164
166
171
173
174
175
176
180
183
186
189
193
196
197
199
204
207
212
217
219
221
224
225
226
236
239
242
254
255
256
257
260
261
264
265
272
275
290
298
300
311
318
323
346
348
352
353
354
358
361
362
363
364
365
367
368
371
372
375
379
383
387
388
389
397
398
404
412
422
429
430
433
434
436
443
444
446
447
458
471
473
475
476
478
484
498
502
503
511
515
516
520
521
526
528
542
543
548
551
553
558
563
564
566
567
569
572
573
575
576
577
581
587
588
592
594
597
604
606
609
610
611
614
628
646
650
656
661
679
685
715
759
771
772
773
774
781
782
784
786
788
790
791
817
833
854
864
868
869
870
873
874
877
878
879
885
908
909
910
928
932
968
972
979
987
991
993
998
1002
1015
1016
1036
1039
1043
1046
1047
1056
1065
1067
1076
1077
1082
1118
1125
1126
1132
1133
1146
1151
1158
1159
1160
1161
1166
1174
1179
1182
1195
1196
1201
1203
1208
1215
1217
1220
1228
1232
1236
1238
1241
1249
1250
1254
1259
1274
1278
1282
1318
1335
1342
1345
1376
1377
1379
1380
1388
1391
1392
1396
1416
1419
1433
1449
1482
1484
1485
1521
1540
1553
1615
1616
1617
1619
1620
1622
1627
1635
1637
1639
1643
1644
1652
1653
1654
1655
1660
1662
1664
1672
1678
1680
1688
1720
1725
1726
1727
1734
1739
1741
1745
1749
1760
1761
1768
1769
1773
1775
1794
1802
1812
1814
1815
1899
1910
1911
1912
1926
1933
1935
1940
1945
1947
1958
1962
1971
1991
2001
2002
2012
2037
2040
2041
2047
2058
2062
2096
2101
2112
2144
2179
2203
2220
2232
2237
2261
2270
2273
2280
2312
2314
2320
2331
2360
2362
2367
2370
2375
2434
2435
2437
2463
2466
2467
2471
2473
2474
2482
2483
2509
2514
2517
2523
2539
2566
2568
2588
2597
2598
2606
2607
2612
2626
2628
2644
2664
2667
2684
2685
2703
2704
2719
2728
2730
2739
2741
2742
2757
2759
2761
2762
2767
2770
2773
2778
2789
2827
2831
2836
2852
2854
2855
2874
2899
2922
2967
2969
2984
2995
2999
3011
3204
3212
3224
3229
3245
3246
3248
3249
3250
3255
3256
3265
3268
3274
3276
3280
3282
3285
3288
3291
3302
3307
3316
3325
3354
3372
3395
3415
3419
3422
3439
3464
3469
3473
3481
3504
3506
3511
3514
3515
3517
3518
3519
3522
3535
3538
3545
3549
3550
3562
3574
3590
3594
3615
3623
3626
3627
3629
3630
3657
3713
3714
3717
3721
3738
3744
3749
3760
3761
3779
3784
3797
3810
3814
3817
3818
3831
3839
3847
3856
3862
3864
3890
3908
3918
3979